gi|49175990|ref|NC_000913.2|_Escherichia_coli_str._K-12_substr._MG1655__complete_genome__cropped_to_first_100000_nucleotides
1 408
3546 3686
4849 5656
15382 16225
16731 17050
19821 20539
25779 26072
29529 30266
36307 36637
38643 39250
44045 44701
46510 46754
49603 49947
52504 52659
60077 60147
60680 60952
61520 61928
62641 63055
65646 65730
66589 66796
70452 70763
71743 72523
73054 73596
75049 75144
75711 77560
78382 78928
81026 81868
82755 82877
83620 83880
85008 85198
88149 88702
99498 100000
